6.001335002179753
6.0435395457613295
6.102206928583494
6.116887620380321
6.146454269455767
6.158291831328233
6.190118100691734
6.250595562377828
6.265443071597621
6.280221758630666
6.305176185652533
6.332167512969684
6.351182897392505
6.357771619875287
6.443080951911865
6.4539016928711135
6.4584840150951
6.482140946157455
6.515563627326369
6.5416820904903865
6.546108889152908
6.592556681059438
6.595539874409821
6.600156948442687
6.618055498671432
6.619942041627826
6.657664892923412
6.67469374145684
6.6948661588806395
6.716608267554752
6.741983509600998
6.755134629978061
6.770089009097305
6.778170328061703
6.778179710490788
6.788930868441266
6.7968487673630325
6.804569915398989
6.83516837202341
6.840384414124004
6.851679362835335
6.915295635187462
6.975640621553566
7.010421789985572
7.0177610907824235
7.0812210926002175
7.096309970172677
7.1275620552425245
7.148686441065593
7.162037775629946
7.186825781257454
7.206880931425914
7.248162525116163
7.269201609760039
7.282941648589864
7.33594027201356
7.4102824044697435
7.435409103028729
7.452488737762714
7.458695260881872
7.509781759269486
7.536022210271652
7.548808510765123
7.579010148543985
7.627003378826656
7.7445583913916405
7.7589161500035075
7.784656584333829
7.850730519193492
7.92285097692785
7.924864088406658
7.9719839732197375
7.991932577129192
8.071455753320263
8.084218661828944
8.084453958131052
8.121039044848098
8.12380021850879
8.151782772015078
8.167062136887283
8.187476394177168
8.207620267983241
8.211728214241944
8.215657902393621
8.276429392898839
8.333609927959241
8.344223166518205
8.346433273184005
8.375187663333794
8.386691618467696
8.484335197195454
8.50160797680392
8.50510721106315
8.546176304091372
8.5838227791725
8.60449419674626
8.633772715130718
8.658800394219927
8.68340250831898
8.699130786149713
8.704908914619063
8.741987543476949
8.75713257107855
8.766760241466073
8.780170024129163
8.790913174883997
8.816443284999353
8.819766418690305
8.83715871508266
8.84428566047632
8.858607027834152
8.888929570731431
8.928945652212503
8.937507926217862
8.949707518358784
8.963757323879955
8.999950497683239
9.09279370887317
9.107070587237004
9.117769305978866
9.181602597273141
9.226199834628131
9.24841170663432
9.315653157300122
9.319943938382572
9.34370873627018
9.361746894598138
9.393136310459962
9.405166456619652
9.425449798458263
9.4571149026796
9.48098763848462
9.506034670282034
9.544567501149013
9.66346639181456
9.668052604181643
9.672984988263615
9.687323663475048
9.698791992545507
9.70181241205573
9.736331885076675
9.775362491254734
9.808088786831764
9.862442504115066
9.866924264673333
9.957635038337822
9.966816735118439
10.011262873029347
10.055062552025438
10.064874904940307
10.076965304454294
10.113256883954787
10.166475459271755
10.187956610057228
10.235901072942392
10.248731506941574
10.33720774900593
10.413847564966812
10.41538549413809
10.442794852785884
10.447343013888192
10.481498234100687
10.497567217838544
10.504972088546253
10.527139986457852
10.561165470344953
10.637280333536689
10.65686992923369
10.663606073936977
10.677637279568328
10.697835310794057
10.748503488675434
10.758383416819807
10.791642688598763
10.801359141106126
10.807054323241033
10.8080513328399
10.844130574163263
10.848341977583356
10.87697101312593
10.952490747051485
11.076511777197823
11.102494913075564
11.149934187273423
11.189478130092882
11.246113703798603
11.272579192454472
11.389867683189147
11.508605549648802
11.541722511819113
11.552693031011874
11.63775411606854
11.668765925499278
11.776338899333297
11.78310748310246
11.788417028002216
11.800454273816456
11.80597712315799
11.819582586462426
11.822692708993348
11.847389859681956
11.867665689328904
11.871763897307735
11.920211256061208
11.984194414349599
11.995839512841837
11.996459334423893
12.06656824034954
12.090315043533913
12.091774777883675
12.157514216915036
12.179033192952591
12.198206086368423
12.203679292411776
12.240379952078664
12.346576585399719
12.356645884873643
12.367211978823725
12.370395324479404
12.408131625759847
12.437717801047919
12.465078438223703
12.535606948489866
12.559774280693546
12.600474895090812
12.615064777853581
12.621871207074562
12.623030739320093
12.805909001164197
12.834046947881236
12.887779916639767
12.889982968744317
12.915195491531943
12.968541851480621
13.012914006194249
13.137832961578034
13.162379406316816
13.2491956151036
13.348215113263743
13.372495559689806
13.510117204192637
13.547079186954829
13.600551046995022
13.65928460022216
13.70878589042167
13.811441572572642
13.866672933583372
13.89341764865359
13.917563242241961
13.975263634347005
13.99085503795164
13.996120829990678
14.01904563308693
14.03930560535349
14.102263121946425
14.133342975895545
14.134643618164121
14.2067822294056
14.254328124927923
14.264364846106265
14.36637050952478
14.37617268695531
14.379712343168016
14.403038685561583
14.42090684447721
14.532647666908822
14.67253665710551
14.699747933482682
14.767449279079365
14.771489630755767
14.850842905771287
14.868785556985419
14.949950971737605
15.104965344853625
15.149252845682863
15.372118090138233
15.425047033276366
15.482383334726816
15.513646975084708
15.514507183261243
15.526394532300959
15.562725691725806
15.585167110806925
15.586802844522953
15.71016094360874
15.718477732506301
15.775571180518693
15.931127214676174
15.950651180052603
16.02176145562798
16.046962445315494
16.080680236639544
16.08203288457138
16.116399044693118
16.237246695437623
16.387987859188783
16.440991532789553
16.45273824553431
16.53511672662394
16.549483884497157
16.635403788491004
16.649743209503782
16.6701453658603
16.75360537590771
16.795800701507353
16.829015932660266
16.858743377783227
16.887100489945983
16.89036519814956
16.92215302289235
16.927270350636718
16.937980608135476
17.104078009988257
17.137731236793332
17.24150452143015
17.27637823517619
17.44284141103908
17.44979142934511
17.500811171721967
17.518208301925547
17.556068467589604
17.640170542217287
17.687397411790116
17.853353631579136
17.87488649241137
18.0454395837672
18.053361578970698
18.11553658781948
18.119591901246878
18.151768844444014
18.1690529753509
18.24129773451468
18.246289765641876
18.265067011602223
18.28453537406238
18.488260143272978
18.541225431124012
18.55080075270512
18.754789758483412
18.859084125632016
18.873929004085987
18.91386367628749
18.916780363024824
18.932664752455338
18.993410259544646
19.008178832513273
19.03699917826268
19.04327381142449
19.05616456261054
19.07764829310065
19.24042727918828
19.266269897024134
19.284031700187512
19.36586006167581
19.499319764642784
19.694349316690527
19.713345330520447
19.786550861162088
19.85148008837563
19.905501938680203
19.915285434999156
20.035003391941178
20.06615336794938
20.124533810354112
20.127197782604846
20.201675387756627
20.21801557099475
20.33974179477536
20.347557305248984
20.429976171147377
20.595741880991245
20.67946227379246
20.779580941722433
20.79249789870764
20.85517559157152
20.87375553244861
20.92175046070837
21.026034849630534
21.058448098198046
21.06677739682094
21.070444100386844
21.082792816642126
21.364436145788183
21.400835862741296
21.436330317246654
21.47784735516626
21.521718341566164
21.536254352619007
21.619666589826444
21.68672158848635
21.70252781098226
21.703629077128376
21.763812748134857
21.801749853273666
21.846167486805093
21.867819518340482
21.91459229562846
21.92252226095819
21.99613446004107
21.9998588524153
22.022645617018938
22.064934536522827
22.151639096160405
22.191939277122465
22.22947083996161
22.235142795439323
22.282717807273173
22.300286859544915
22.307294152037496
22.37274217815179
22.444662465304273
22.46027287698877
22.562576258415596
22.611978174381246
22.68285217503126
22.708360508337122
22.743003064501096
22.762651042138607
22.77605518748917
22.971652085152094
23.06100805432884
23.19711171005244
23.211453358056513
23.232614236850623
23.387219784036553
23.483751028313492
23.48559383960705
23.543715941863525
23.56422403047071
23.864392915626173
23.871988517988328
23.990455489350033
24.026900138627056
24.028146119935958
24.102355148797173
24.288159830217328
24.29201071122393
24.429380631475972
24.507035991144555
24.525059154250837
24.60528885136911
24.633787912168245
24.736941571014732
24.911353252003046
24.919317718627934
25.13629453700907
25.17137279546728
25.371452571552542
25.478183945667425
25.53564205869568
25.54119522506241
25.55180751795094
25.569202351932585
25.579566839856547
25.620137991321144
25.733453989362552
25.799086675809548
25.828187936695667
26.025758446212713
26.18388819600792
26.21743585796141
26.692417883527558
26.69292900676016
26.78364999134684
26.785665017466634
26.79654066326467
26.82412995854257
26.86816945033806
26.905992377919844
27.072622997071228
27.45902907207101
27.612139716221577
27.62246441181592
27.625777529864024
27.94827394369134
28.061582972159343
28.145248715537008
28.514703320174775
28.575379863778135
28.889158371411593
29.04658320304023
29.050158857264762
29.063349196308096
29.138913418317102
29.24736174012404
29.26078419652834
29.404955885112166
29.405579941850185
29.944652012957107
30.199328438484077
30.33937063211539
30.499220711385753
30.600192035318738
30.616660518089894
30.621419016910185
30.74465663891892
30.763150779462666
30.795583901693362
31.059774636775725
31.22323081832683
31.35257924197841
32.22719295410379
32.2720264668279
32.48790899509292
32.71504400628724
33.165647220174534
33.17652704065838
33.2803871256316
33.821390764590845
33.861804175848825
33.933193490285376
34.441481079809236
35.253702833277025
35.79823186109034
35.81718988703004
35.97812913893918
36.0054122176197
36.039259656384765
36.18909656561643
36.26485002083977
36.820627550679276
36.83036631307362
37.013218072334745
38.02067073487729
38.03240285394433
38.044052635921965
38.12174678248185
38.162038698056776
38.223713652579235
38.292372135915706
38.40410975059695
38.40868287621877
38.44675037226957
38.45027479967483
38.45419566727658
38.47812445162562
38.54619882723963
38.712919261575244
38.73797182432756
38.76459623447185
38.861208688243465
38.917340321582316
38.97053735779972
39.04056925721196
39.14551350396479
39.217310879054395
39.248111370544834
39.26761344268866
39.270028175667264
39.352678271444425
39.41476785645977
39.52877112028441
39.54675725507165
39.673517089745694
39.68208083185822
39.7498785961238
39.88129088776128
39.90145148750895
39.92533035077777
39.96198218744043
39.987984043649504
40.00072830515117
40.019650473394435
40.054049926893576
40.34155776727614
40.3765614933313
40.383575015920265
40.587144999884416
40.64170317113758
40.72429000832278
40.80131785085308
40.804739403910176
40.90348943377137
40.97232499926826
41.0012814290398
41.09171788684855
41.10421183585658
41.203534668454246
41.246114981687164
41.24665308154611
41.339500271406735
41.388903534229556
41.39265358941658
41.551468755740814
41.731126073205274
41.77216138895444
42.0026976778142
42.06795337713052
42.106292485376066
42.12486311603118
42.13096213332253
42.15749836562914
42.21016184110387
42.26215368596037
42.42785082777411
42.440842956646385
42.45872479168142
42.52713917967832
42.556502283223644
42.57558711481288
42.613416008503236
42.750724681272786
42.892476517491886
42.98049469647456
43.060817678544545
43.11429208441748
43.20566267232185
43.368742849659746
43.38404516350563
43.5228860773883
43.61699677453196
43.71128012276394
43.80346216891387
44.34638256649289
44.499266360524224
44.61453860766341
44.75158779773183
44.981472168474085
44.99094946170064
45.03150710799418
45.096773995586986
45.128001482689044
45.29371801973935
45.51623667398994
45.51830621767269
45.55535130485099
45.698006668644595
45.80223031578202
45.817291222966546
45.90545896740187
45.917636970884175
46.01646738796282
46.21204609953807
46.22824423367741
46.304463665601666
46.328038981956844
46.34222587620111
46.56164955788386
46.61715465795751
46.764852805359354
46.778016955819666
46.81863836246679
47.05236739511369
47.12256733198133
47.19258678451794
47.25249976515286
47.453820899082814
47.63252203224062
47.696568138622254
47.856641383142204
47.977966972386106
47.9897816696117
48
48
48
48.41057568892118
48.575818340689885
48.960583224013064
48.96367965418483
49.03419751609185
49.26541505183279
49.30073232897111
49.586955716647566
50.01191045574214
50.23725888084149
50.5731884009573
50.6389146604697
50.88557531065254
50.89878894991549
50.920483588989406
50.96779638623744
50.97038738498195
51.034359865662
51.20468069103119
51.21789921532881
51.24908842126179
51.34423836804157
51.40809069233917
51.42653816740466
51.894586863670604
51.91641590538666
51.944975052252126
52.10599416675466
52.33218075758931
52.43252192540977
52.497577541595305
52.52180507059076
52.52506353344386
52.54552937968572
52.98842076420762
53.16174492900154
53.17592821705476
53.176305061205206
53.252076649586186
53.277034056066015
53.65063541911995
53.71584615030682
53.78524144701274
54.011607508522815
54.134353874746424
54.145195533132835
54.239172909715286
54.35954653557472
54.4720029677633
54.53995955002194
54.77341629814158
55.047497886644095
55.06642272686074
55.296145859645875
55.34701571673847
55.47352936236223
55.49871263557965
55.55382134907296
55.720699022001696
56.38360010111049
56.469086001774855
56.602759045408604
56.82448806556629
56.91780562585977
57.245056839885734
57.302961112820455
57.3170786097273
57.36161570723452
57.362414361692984
57.57933846563713
57.71900525360442
58.14244549622789
58.15789896420193
58.233632904408275
58.43807180136431
58.59384288847623
58.792160046475715
58.885081184019015
58.95669346209201
59.16480902495593
59.45374350674343
59.79465420492731
60.26587736789625
60.29956831021615
60.33823303775042
60.42743991624095
60.44103507090798
60.603910288810795
61.000631946724425
61.29098922036287
61.80942139957778
61.82469415334076
62.06895071905549
62.33365702193549
62.38238529131565
62.74251717872646
62.87535597186849
63.78523218455772
63.944555613668065
64.21252785397584
64.33315514907335
64.341243908944
64.42627867906141
64.45808548345505
64.66740619500341
64.6778305107307
65.01951178109239
65.5367871742512
65.99845836895558
66.76764381933445
67.00128958492714
67.15828975652599
67.38774800295839
67.71061658009717
67.83336905532948
68
68
68
68
68
68
68
68
68
68
68
68
68
68
68.50893533080583
68.6113816665107
68.65849144580136
69.0428327818303
69.87266963173744
70.698762821299
70.71573775715397
70.72504534454285
70.75617005943191
70.82670087435608
70.90884192749115
71.1052487935559
71.22973240647612
71.24503135070263
71.34390914083001
71.5150985333347
71.68355631416041
71.90863267423717
71.98646514865361
72.20247541184503
72.25498031072388
72.76965823182702
72.90705824868333
73.02482070290716
73.12076953329952
73.12251465095004
73.17054180809576
73.58695469030287
73.8444754410003
73.84489898144031
73.94399994424425
74.06282651755755
74.3988208497605
74.41936794513008
74.70205199146001
74.91908371324983
74.99245342751067
75.4166397675512
75.5398198075803
75.64934781073856
75.66899243090046
75.76686310434468
75.89611145690542
76.46254179033537
76.5775805133507
76.83241631900208
77.01739827827835
77.47232184107925
77.60045072954512
78.33848053938887
78.83286156097171
79.134441419894
79.32711927745905
79.76159040443194
79.84391636971546
79.9220640751807
80.08144297554583
80.20838424591257
80.375564313631
80.5585822433073
81.28547525574142
81.8455213619342
82.10316732313588
82.13955088612343
82.22514771635588
82.30394810719291
82.47254308556825
82.50944329492735
82.66742522659783
82.72191820235645
82.79902786202769
82.95252416286851
83.13190072477023
83.17365228352062
83.34021433464386
83.68959332204116
83.86794786774004
83.91027792670691
83.95588163571438
83.9938414168896
84.10218340047673
84.18251680736948
84.22128435923861
84.54542217234352
84.55618336735482
84.74348087680718
85.05587594023962
85.07714810296827
85.12633537496542
85.32883194938195
85.77653928108818
85.86151440112981
86.09077079786374
86.11033566584038
86.25881593386822
86.34007247465776
86.42992170377663
86.80755651128351
86.9127356880599
87.14692971476731
87.17195536206196
87.6973713010856
87.82385111119349
88
88
88
88
88
88
88
88
88
88
88
88
88
88
88
88
88
88
88
88
88
88
88
88
88
88
88
88.54166420523582
88.87759215462407
89.00376695372141
91.1830968511553
91.25736694568201
91.5467260632667
93.85184557066242
94.69231731643124
95.42083950114518
95.55672196248234
95.70346031574032
96.18910764227334
98.04179950399433
99.12103477817699
99.20470225540542
101.65714099162244
101.93165806732034
102.49235575204045
102.71764552209486
102.85461741336341
102.93469531209352
103.168416544782
103.4183457897308
104.25187861295142
105.28132182405166
105.34453053245183
106.4785614379068
106.5667319972832
108
108
108
108
108
108
108
108
108
108
108
108
108
108
108
108
108
108
108
108
108
108
108
108
108
108
108
108
108
108
108
108.76807528778012
109.447938591915
109.65115106393664
109.86268501644918
110.1743145688728
110.61963877260672
113.31207159647523
113.9304762628699
115.33547185798032
116.80071399557904
117.5957761624467
120.86268096592889
121.51888200209376
128
128
128
128
128
128
128
128
128
128
128
128
128
128
